1 -nan
2 0.5
3 0.238201
4 0.159913
5 0.120776
6 0.0971321
7 0.0812649
8 0.0698682
9 0.0612819
10 0.0545786
11 0.0491992
12 0.0447864
13 0.0411007
14 0.037976
15 0.0352933
16 0.0329648
17 0.0309246
18 0.0291224
19 0.0275188
20 0.0260827
21 0.024789
22 0.0236177
23 0.0225521
24 0.0215786
25 0.0206856
26 0.0198636
27 0.0191045
28 0.0184013
29 0.0177479
30 0.0171394
31 0.0165712
32 0.0160397
33 0.015541
34 0.0150726
35 0.0146314
36 0.0142152
37 0.0138222
38 0.0134505
39 0.013098
40 0.0127636
41 0.0124458
42 0.0121436
43 0.0118556
44 0.011581
45 0.0113189
46 0.0110682
47 0.0108285
48 0.010599
49 0.0103789
50 0.0101679
51 0.00996512
52 0.00977039
53 0.00958315
54 0.0094029
55 0.0092293
56 0.00906211
57 0.00890073
58 0.00874504
59 0.00859484
60 0.00844947
61 0.00830895
62 0.0081732
63 0.00804177
64 0.00791445
65 0.00779119
66 0.00767159
67 0.00755566
68 0.00744316
69 0.00733405
70 0.00722808
71 0.00712508
72 0.00702485
73 0.00692752
74 0.00683287
75 0.00674078
76 0.00665113
77 0.00656378
78 0.00647882
79 0.00639582
80 0.00631508
81 0.00623628
82 0.00615939
83 0.00608468
84 0.0060114
85 0.0059399
86 0.00587031
87 0.00580209
88 0.00573549
89 0.00567049
90 0.00560698
91 0.00554478
92 0.00548384
93 0.00542444
94 0.00536612
95 0.00530931
96 0.00525349
97 0.00519884
98 0.00514534
99 0.00509277
100 0.00504163
101 0.00499117
102 0.00494194
103 0.00489357
104 0.00484604
105 0.00479949
106 0.00475386
107 0.00470921
108 0.00466523
109 0.00462207
110 0.00457975
111 0.00453818
112 0.00449735
113 0.00445724
114 0.00441781
115 0.00437921
116 0.00434116
117 0.00430375
118 0.00426713
119 0.00423104
120 0.00419566
121 0.00416064
122 0.00412622
123 0.00409248
124 0.00405917
125 0.00402647
126 0.00399429
127 0.00396279
128 0.00393152
129 0.00390097
130 0.0038707
131 0.00384107
132 0.00381163
133 0.00378269
134 0.00375435
135 0.00372624
136 0.00369889
137 0.0036718
138 0.00364476
139 0.00361827
140 0.00359264
141 0.00356704
142 0.00354159
143 0.0035167
144 0.00349215
145 0.00346807
146 0.00344387
147 0.00342032
148 0.00339723
149 0.00337431
150 0.00335196
151 0.00332943
152 0.00330761
153 0.00328562
154 0.00326419
155 0.00324312
156 0.00322208
157 0.00320131
158 0.00318116
159 0.00316089
160 0.00314131
161 0.00312161
162 0.00310215
163 0.00308314
164 0.00306401
165 0.00304532
166 0.00302705
167 0.00300893
168 0.00299081
169 0.00297296
170 0.00295553
171 0.00293812
172 0.00292104
173 0.00290382
174 0.00288734
175 0.00287059
176 0.00285417
177 0.00283802
178 0.00282201
179 0.00280619
180 0.00279063
181 0.00277504
182 0.00275978
183 0.00274464
184 0.00272959
185 0.00271478
186 0.0027
187 0.00268552
188 0.00267118
189 0.00265697
190 0.00264305
191 0.0026291
192 0.00261548
193 0.00260177
194 0.00258836
195 0.00257504
196 0.00256184
197 0.00254855
198 0.00253597
199 0.00252301
200 0.00251031
201 0.00249794
202 0.00248533
203 0.00247312
204 0.00246078
205 0.00244877
206 0.00243703
207 0.0024251
208 0.00241342
209 0.00240201
210 0.00239035
211 0.002379
212 0.00236771
213 0.00235662
214 0.00234547
215 0.00233448
216 0.00232366
217 0.00231275
218 0.00230214
219 0.00229171
220 0.00228122
221 0.00227061
222 0.00226063
223 0.00225019
224 0.0022403
225 0.00223041
226 0.00222069
227 0.00221071
228 0.00220078
229 0.00219131
230 0.00218168
231 0.00217238
232 0.00216293
233 0.00215316
234 0.00214452
235 0.00213516
236 0.00212607
237 0.00211728
238 0.00210828
239 0.00209939
240 0.00209039
241 0.00208187
242 0.00207302
243 0.00206453
244 0.00205609
245 0.00204778
246 0.00203913
247 0.002031
248 0.00202292
249 0.00201458
250 0.00200644
251 0.00199872
252 0.00199056
253 0.00198266
254 0.00197491
255 0.00196713
256 0.00195929
257 0.00195184
258 0.00194412
259 0.00193667
260 0.00192901
261 0.00192186
262 0.00191429
263 0.00190717
264 0.00189978
265 0.00189269
266 0.00188559
267 0.00187835
268 0.00187135
269 0.00186464
270 0.00185743
271 0.00185043
272 0.00184384
273 0.00183696
274 0.00183025
275 0.00182366
276 0.00181711
277 0.00181058
278 0.00180399
279 0.00179723
280 0.00179064
281 0.00178447
282 0.00177819
283 0.00177202
284 0.00176567
285 0.00175941
286 0.00175345
287 0.00174695
288 0.00174108
289 0.00173503
290 0.00172916
291 0.00172302
292 0.00171727
293 0.00171146
294 0.00170553
295 0.00169954
296 0.00169414
297 0.00168818
298 0.00168276
299 0.00167689
